%YAML:1.0
---
calibration_time: "05/06/21 16:05:47"
nframes: 16
image_width: 1024
image_height: 768
board_width: 9
board_height: 6
square_size: 2.4199999868869781e-02
flags: 0
camera_matrix: !!opencv-matrix
   rows: 3
   cols: 3
   dt: d
   data: [ 1.2213483657167785e+03, 0., 5.2038106031345080e+02, 0.,
       1.2227670297198733e+03, 3.9953361672646463e+02, 0., 0., 1. ]
distortion_coefficients: !!opencv-matrix
   rows: 5
   cols: 1
   dt: d
   data: [ 1.3388307316977258e-01, 1.7580979712821507e-02,
       -1.5848921823608299e-03, 1.1459252986214549e-03, 0. ]
avg_reprojection_error: 5.6621415196157288e-01
per_view_reprojection_errors: !!opencv-matrix
   rows: 16
   cols: 1
   dt: f
   data: [ 5.02800941e-01, 4.90874410e-01, 2.35012218e-01,
       5.61859429e-01, 5.72428524e-01, 4.26402569e-01, 4.88429397e-01,
       5.37279010e-01, 6.44854784e-01, 6.04310811e-01, 5.63393176e-01,
       5.69157183e-01, 6.89211547e-01, 7.14641392e-01, 7.12922275e-01,
       5.58392882e-01 ]
extrinsic_parameters: !!opencv-matrix
   rows: 16
   cols: 6
   dt: d
   data: [ -1.2261893640765797e+00, -2.6043249628978382e-01,
       -9.8019079960853717e-01, -2.8661061940014679e-02,
       3.6065205333606042e-02, 5.1286834158369865e-01,
       -5.7504358683092205e-01, -7.2423634329253639e-01,
       -1.3651251643143161e+00, -2.6984645307898989e-02,
       -2.6301182152228052e-02, 4.1401450672094764e-01,
       -2.2012480829997882e-01, 6.7291533597709910e-02,
       -6.6979589310600396e-01, -4.8251395991261797e-02,
       1.1354845610780248e-02, 5.2777162834689517e-01,
       -6.7360993014133844e-03, -7.0253767500526298e-01,
       -1.5671336683828225e+00, -1.1572973755553342e-01,
       5.1768728600063728e-02, 3.5407824160849077e-01,
       7.3316955646915516e-01, -2.2974688659816234e-01,
       -1.5616985994601882e+00, -7.0833963242709880e-02,
       9.4090071961085028e-02, 4.2992951702883142e-01,
       -6.6972777950971418e-01, 1.1779294025008881e-01,
       -1.3473996960155754e+00, -1.8247815299909564e-03,
       5.5191095768855107e-02, 5.3676059180860902e-01,
       -7.4790102913581336e-01, 1.3375719160658900e-01,
       -1.2851962484099859e+00, -1.2466677921357727e-02,
       7.8073165910806180e-02, 5.0333944808183817e-01,
       5.5368541218698364e-01, 3.0568632864514556e-01,
       -1.8525470237278239e+00, 3.4488402914283553e-03,
       1.1194908635969246e-01, 5.0656333418527877e-01,
       -7.8591794510781587e-01, -4.8577676798674990e-01,
       -1.8113946932359886e+00, -1.2933267940864546e-02,
       3.9457802576348490e-02, 3.7450476157599027e-01,
       -1.7501383490567315e-01, -1.2898855547125774e+00,
       -2.6201836202568649e+00, 5.9278775993569052e-02,
       4.6228383264913318e-02, 3.6021993986711998e-01,
       -6.5778389198645382e-01, -1.1505388498400240e+00,
       -2.2821689530568383e+00, 4.3982600698933921e-02,
       7.0591186472166972e-02, 3.8131649529795059e-01,
       2.1433686530548665e-01, 9.2516956072120482e-01,
       2.2587468625044891e+00, 7.1658522029897170e-02,
       -5.1042198845074313e-02, 4.5482321836051054e-01,
       -2.6844843168052862e-01, 1.3451427726701599e+00,
       1.9839073613690927e+00, 9.5093245986464375e-02,
       -3.8576608236955141e-02, 4.7115503060398667e-01,
       -7.2016548864279595e-01, 5.0125177243697971e-01,
       1.5698605128714163e+00, 2.8664442300619698e-02,
       -1.0237481393121819e-01, 4.4350769261499368e-01,
       -2.1255967092851752e-01, 1.0638189668890907e+00,
       1.6969349540884162e+00, 1.3283627517142210e-01,
       -9.5663884318217388e-02, 4.1042491863078723e-01,
       -4.1334245337325848e-01, 1.2326180418867960e+00,
       2.4501034517158704e+00, 7.7039663368687256e-02,
       5.7063811205874627e-03, 5.4516896814914662e-01 ]
image_points: !!opencv-matrix
   rows: 16
   cols: 54
   dt: "2f"
   data: [ 4.52220917e+02, 4.85874969e+02, 4.86859528e+02,
       4.56373566e+02, 5.19908386e+02, 4.27893494e+02, 5.50964111e+02,
       4.01415253e+02, 5.80254272e+02, 3.76463104e+02, 6.07773926e+02,
       3.52862213e+02, 6.34162598e+02, 3.29735779e+02, 6.58854797e+02,
       3.07651550e+02, 6.82271973e+02, 2.85854797e+02, 4.94127716e+02,
       4.89589935e+02, 5.28899231e+02, 4.58216248e+02, 5.61275452e+02,
       4.29205017e+02, 5.92331909e+02, 4.01396332e+02, 6.21260559e+02,
       3.75674835e+02, 6.48546021e+02, 3.51288513e+02, 6.74414978e+02,
       3.27757324e+02, 6.99289551e+02, 3.05438171e+02, 7.22616272e+02,
       2.84253723e+02, 5.39056274e+02, 4.92414185e+02, 5.73594971e+02,
       4.60070648e+02, 6.05762634e+02, 4.29879608e+02, 6.36092590e+02,
       4.01178131e+02, 6.64884399e+02, 3.74654968e+02, 6.91827087e+02,
       3.49778839e+02, 7.17610474e+02, 3.25849304e+02, 7.42046875e+02,
       3.03366608e+02, 7.65158752e+02, 2.81550140e+02, 5.86952942e+02,
       4.95260590e+02, 6.21152832e+02, 4.61851318e+02, 6.53044678e+02,
       4.31469025e+02, 6.83138611e+02, 4.02260132e+02, 7.11283936e+02,
       3.74430267e+02, 7.38126404e+02, 3.48590485e+02, 7.63363098e+02,
       3.24113678e+02, 7.87452637e+02, 3.00912018e+02, 8.10381042e+02,
       2.78471802e+02, 6.38417236e+02, 4.99514130e+02, 6.72118958e+02,
       4.65260010e+02, 7.03556824e+02, 4.33316864e+02, 7.33307434e+02,
       4.02863495e+02, 7.60994141e+02, 3.74563446e+02, 7.87394348e+02,
       3.47699646e+02, 8.12307495e+02, 3.22375580e+02, 8.35884277e+02,
       2.98415070e+02, 8.58263733e+02, 2.75182251e+02, 6.94239136e+02,
       5.04043915e+02, 7.27351990e+02, 4.67914673e+02, 7.58287354e+02,
       4.34798615e+02, 7.87405151e+02, 4.03206726e+02, 8.14709106e+02,
       3.74144592e+02, 8.40506470e+02, 3.46557953e+02, 8.64914917e+02,
       3.20412262e+02, 8.87944702e+02, 2.95630554e+02, 9.09539124e+02,
       2.71665527e+02, 4.40194611e+02, 3.21817200e+02, 4.47282837e+02,
       2.80109589e+02, 4.53605255e+02, 2.41361603e+02, 4.59776794e+02,
       2.05492615e+02, 4.65362793e+02, 1.72341980e+02, 4.70236938e+02,
       1.41388809e+02, 4.74845734e+02, 1.11710732e+02, 4.79603577e+02,
       8.36528702e+01, 4.83721527e+02, 5.66181374e+01, 5.11380096e+02,
       3.31643555e+02, 5.15458740e+02, 2.88968109e+02, 5.19136292e+02,
       2.49932373e+02, 5.22680542e+02, 2.13780334e+02, 5.26065735e+02,
       1.80395065e+02, 5.28874634e+02, 1.49219620e+02, 5.31615906e+02,
       1.19306267e+02, 5.34270752e+02, 9.16190720e+01, 5.36717041e+02,
       6.57423019e+01, 5.82060608e+02, 3.40582916e+02, 5.83192200e+02,
       2.97654022e+02, 5.84088257e+02, 2.58408997e+02, 5.85322754e+02,
       2.21557693e+02, 5.86228271e+02, 1.88188126e+02, 5.87101196e+02,
       1.56777664e+02, 5.87624207e+02, 1.27313683e+02, 5.88579590e+02,
       9.96770020e+01, 5.89345520e+02, 7.34522781e+01, 6.52438843e+02,
       3.49304840e+02, 6.50775818e+02, 3.06266510e+02, 6.48681824e+02,
       2.67314362e+02, 6.47553772e+02, 2.30608673e+02, 6.46220276e+02,
       1.96413773e+02, 6.44871094e+02, 1.64749466e+02, 6.43672241e+02,
       1.35027435e+02, 6.42684509e+02, 1.07495316e+02, 6.41767151e+02,
       8.10763855e+01, 7.22302307e+02, 3.58723877e+02, 7.17491699e+02,
       3.15776642e+02, 7.13241394e+02, 2.76197937e+02, 7.09429749e+02,
       2.39204803e+02, 7.05861023e+02, 2.04822296e+02, 7.02551636e+02,
       1.72915100e+02, 6.99546875e+02, 1.42832047e+02, 6.96653748e+02,
       1.15126778e+02, 6.94178772e+02, 8.83059769e+01, 7.93064392e+02,
       3.68212372e+02, 7.85496338e+02, 3.24426727e+02, 7.78390320e+02,
       2.84432037e+02, 7.72107727e+02, 2.46916870e+02, 7.66191345e+02,
       2.12770905e+02, 7.60657166e+02, 1.80664383e+02, 7.55590210e+02,
       1.50692337e+02, 7.50994507e+02, 1.22369583e+02, 7.46714905e+02,
       9.56235504e+01, 4.08554108e+02, 4.25595764e+02, 4.52532074e+02,
       3.90895264e+02, 4.96402710e+02, 3.55987061e+02, 5.40372498e+02,
       3.21145874e+02, 5.84104980e+02, 2.86475769e+02, 6.27730164e+02,
       2.51419952e+02, 6.72081116e+02, 2.15815018e+02, 7.16432617e+02,
       1.80052795e+02, 7.61481567e+02, 1.43664948e+02, 4.42061951e+02,
